













































215,261,
4,65,94,166,224,248,256,282,310,313,
2,13,14,15,32,40,56,58,84,103,104,107,112,128,131,198,204,208,214,226,230,244,245,255,273,280,297,302,304,308,314,338,354,357,371,377,381,392,398,
3,5,7,8,9,12,16,18,22,23,24,25,35,36,37,44,46,47,48,49,50,52,54,60,68,69,71,73,75,79,80,82,83,87,92,96,106,113,118,121,124,125,126,137,138,139,146,156,159,164,167,173,176,177,179,180,181,185,186,191,192,194,195,199,202,203,207,210,213,219,221,231,232,233,242,246,247,260,265,267,269,274,283,291,292,294,307,311,320,323,325,329,331,333,335,336,337,341,347,348,349,350,352,356,360,365,367,368,369,370,379,384,385,387,
0,6,19,20,21,27,28,29,30,33,39,53,57,59,61,62,64,66,67,72,74,77,78,88,90,91,93,97,98,100,101,105,109,110,114,115,116,117,119,123,127,130,133,135,140,141,142,143,145,147,148,150,153,157,158,160,161,162,165,168,169,170,171,172,174,175,182,183,184,187,189,190,193,200,201,205,206,209,216,218,220,222,223,225,227,228,235,238,239,241,243,251,252,257,258,259,262,266,270,271,275,276,277,279,284,285,287,288,289,290,295,296,298,301,305,306,309,315,317,319,324,326,327,334,339,342,343,344,346,355,358,359,363,364,366,372,373,374,375,376,380,383,386,388,389,390,391,393,396,397,
1,10,11,17,26,31,34,38,41,42,43,45,55,63,70,76,81,85,89,95,102,108,111,122,129,132,134,136,144,149,151,155,163,178,196,197,212,217,229,234,236,237,249,250,253,254,263,264,268,272,278,281,286,293,299,300,312,316,318,321,322,328,332,340,345,351,353,361,362,378,382,394,395,399,
51,86,99,120,152,154,188,211,240,303,330,







124,215,367,
58,73,74,87,88,104,125,138,177,186,231,244,255,266,274,308,320,323,333,344,368,384,398,
1,8,19,27,29,30,48,54,62,69,81,82,90,97,121,142,158,169,170,175,198,223,230,241,243,251,257,262,265,279,297,302,306,307,317,341,342,357,375,378,380,382,
2,6,11,15,17,22,23,26,32,34,44,64,68,75,91,106,112,114,115,120,123,128,135,137,139,145,167,176,185,195,196,203,207,214,216,217,220,234,242,246,247,267,273,287,291,299,304,305,313,322,348,355,358,359,365,377,379,387,
3,4,5,13,16,33,35,36,37,38,46,50,65,71,83,92,93,94,98,100,103,109,116,117,118,130,132,133,134,143,146,148,157,168,171,174,180,181,206,221,224,233,239,248,249,252,256,258,261,263,268,269,270,280,281,283,288,289,294,296,309,310,318,325,331,332,335,338,339,340,346,347,352,371,381,385,390,391,396,397,
7,9,10,12,14,18,24,25,28,41,42,47,49,55,57,59,60,66,70,72,77,78,80,84,89,95,96,99,107,110,111,113,119,122,131,136,140,144,147,156,159,160,162,163,164,165,166,173,182,183,189,190,191,192,193,194,199,200,201,204,205,208,210,213,218,219,222,225,226,229,232,237,245,259,271,272,275,278,282,284,285,292,295,298,301,303,314,315,316,324,329,334,337,343,345,351,353,356,360,361,363,364,366,369,370,372,374,383,386,389,393,
0,20,21,31,39,40,51,52,53,56,61,67,76,79,85,102,105,108,126,127,129,141,149,150,153,154,155,161,172,179,184,187,197,202,209,212,227,228,235,236,238,250,253,254,260,276,286,290,293,311,319,321,326,327,336,349,350,354,362,373,376,388,392,394,395,
43,45,63,101,151,152,178,188,211,264,277,300,312,328,330,399,
86,240,
403,438,451,468,
124,367,406,408,420,421,427,433,434,439,441,442,443,446,448,453,456,457,460,461,466,470,478,481,483,486,491,496,498,499,
74,215,231,266,274,323,344,368,400,405,409,410,413,416,422,423,426,429,436,437,444,445,454,455,458,459,462,465,467,469,471,473,474,476,480,482,484,487,488,489,490,492,494,495,
1,58,73,81,87,88,104,125,138,177,186,244,255,308,320,333,378,384,398,411,414,417,424,428,440,447,450,463,464,472,475,493,
8,27,48,54,82,90,120,158,169,170,175,230,251,262,265,279,302,306,317,380,382,404,407,418,419,430,431,432,452,477,497,
26,30,62,64,97,114,115,121,123,142,196,198,217,223,234,241,257,297,341,342,357,358,375,412,425,485,
17,19,29,69,91,98,128,137,145,185,214,243,304,305,307,313,379,449,
11,15,22,92,135,203,207,239,247,263,289,299,322,339,348,377,390,397,415,435,
5,6,16,34,37,44,100,112,118,134,168,176,216,220,221,242,258,267,273,281,287,288,291,296,309,316,338,365,385,396,
35,36,71,78,111,117,130,139,146,174,195,205,213,246,248,252,261,268,269,283,318,332,346,352,355,372,391,
3,18,28,32,50,51,72,77,83,95,103,116,122,148,157,193,197,200,204,229,272,325,359,374,383,389,
12,13,25,31,33,38,41,49,65,85,94,110,119,132,133,136,159,165,166,167,183,199,206,225,232,249,256,259,280,301,303,310,324,335,343,347,353,360,367,393,
9,14,23,70,75,96,106,144,149,152,154,201,270,275,278,298,315,334,345,356,
39,46,74,124,140,143,147,236,237,245,253,271,274,276,285,293,294,321,351,366,381,
7,20,42,47,67,84,93,102,155,156,162,163,173,181,194,218,228,233,250,266,290,323,330,331,361,371,394,438,451,
0,1,4,10,60,68,108,127,141,160,164,210,212,238,244,282,327,329,333,340,344,363,368,369,370,384,386,387,399,401,403,
59,61,107,120,161,170,171,211,219,222,231,255,262,406,442,446,491,499,
24,54,58,66,73,81,114,115,125,138,150,177,182,184,188,190,214,254,302,306,358,378,382,398,420,456,468,478,
45,53,63,64,76,86,87,99,104,113,123,178,186,202,226,230,235,313,337,408,427,433,441,481,483,486,496,
26,43,98,128,137,169,175,191,208,217,223,239,257,308,311,312,317,319,364,388,397,416,421,429,448,453,461,466,469,
8,48,80,121,142,153,185,187,192,196,251,279,289,292,297,304,305,339,349,357,367,377,379,380,434,439,457,460,487,488,
5,15,30,90,91,198,215,234,263,284,314,316,410,443,470,498,
27,37,78,92,111,118,158,203,309,390,426,455,
21,51,62,145,205,207,221,265,281,338,348,362,385,400,405,436,437,459,467,482,
16,18,22,74,82,134,146,197,213,261,274,283,286,296,341,372,383,396,444,458,495,
1,36,71,95,100,129,152,168,193,200,216,252,258,365,428,462,465,471,476,490,
6,28,72,124,174,204,229,247,248,269,288,374,389,451,
31,35,77,85,272,320,323,384,438,
3,49,130,136,159,214,244,259,266,301,352,
11,12,25,54,115,117,119,122,144,149,166,170,183,255,262,310,333,344,346,358,367,393,473,492,
50,64,83,103,112,114,120,135,276,315,324,343,403,406,484,491,
41,98,110,123,165,177,220,225,236,302,306,313,368,378,391,442,475,
39,65,97,199,239,360,398,399,456,494,499,
128,157,231,232,318,397,420,446,450,
9,14,17,137,230,246,285,289,290,330,332,334,347,377,478,
5,58,78,185,217,275,305,321,339,382,427,429,468,469,
1,74,118,148,242,253,257,267,274,304,316,328,408,
73,92,116,125,138,186,250,256,293,379,423,441,496,
15,26,37,67,91,102,218,223,237,263,309,353,366,367,451,453,483,
18,48,51,197,297,303,345,433,
20,104,124,146,196,201,205,214,280,384,390,438,461,481,
96,111,234,244,281,323,358,372,460,488,
54,108,115,155,213,279,283,296,308,383,385,416,457,
27,28,64,152,193,221,228,255,348,389,396,434,491,
16,85,98,121,154,170,200,204,261,262,313,333,487,498,
22,72,95,114,175,229,239,266,268,322,406,410,426,486,
71,87,123,141,248,258,273,301,302,338,344,365,378,403,442,
1,30,168,203,259,269,291,298,335,341,
12,31,74,142,169,212,265,276,289,367,374,456,
36,49,78,166,231,252,306,357,397,459,499,
127,158,174,177,194,198,207,274,315,377,405,428,446,451,
47,118,119,120,128,137,185,399,469,
84,136,145,159,216,217,230,329,339,346,398,429,462,
5,92,103,149,183,214,305,316,438,
178,351,358,368,408,420,427,
18,54,64,113,130,244,272,304,324,379,384,393,448,467,478,
35,39,51,100,115,144,197,238,309,417,441,
37,77,98,124,125,146,263,310,491,
1,15,48,91,236,255,257,285,313,323,367,453,482,
333,360,468,496,
0,41,205,239,334,
28,74,170,262,330,389,390,
9,114,152,196,237,290,296,297,343,378,406,451,
3,111,123,138,202,225,283,289,302,344,352,383,439,442,456,483,
78,104,204,234,282,301,321,347,460,
186,221,223,266,274,281,348,380,
27,50,193,200,213,232,372,385,403,488,
6,64,85,214,253,438,446,469,499,
12,22,54,118,248,259,261,358,367,377,397,452,461,
1,16,71,185,231,276,279,396,399,
26,49,92,168,218,230,244,305,384,433,498,
58,98,115,137,166,229,306,308,317,429,481,491,
25,31,72,217,313,316,339,408,434,
36,43,95,120,269,315,
18,128,256,426,451,
51,74,103,146,177,197,239,341,345,379,427,428,490,
144,242,255,304,333,346,398,441,
48,65,309,365,378,410,
5,159,263,310,459,
119,141,289,291,323,367,389,453,456,
1,28,64,114,123,124,262,293,416,438,442,
78,108,258,405,406,462,
54,61,91,152,205,214,274,285,358,383,420,487,
15,102,158,237,296,302,344,468,
30,170,390,446,
82,84,
20,37,39,98,118,174,244,283,301,320,348,457,491,
104,115,130,221,230,266,272,297,313,368,377,451,469,478,486,499,
9,113,125,196,204,234,257,305,384,467,
185,231,259,397,429,460,
74,203,216,334,367,408,
1,12,92,136,168,178,183,200,281,321,
22,27,56,73,138,223,333,347,374,399,
35,41,49,64,111,236,239,276,378,403,496,
137,144,146,217,280,316,330,
18,71,193,248,255,289,339,379,438,441,456,
166,
48,54,85,117,232,261,
197,306,310,358,427,488,
36,51,78,103,120,149,214,265,279,304,309,360,442,
31,192,274,315,451,
123,262,346,389,446,453,483,491,498,
1,28,98,114,213,319,367,
6,16,152,244,246,263,313,323,364,366,383,385,406,428,452,
229,302,344,351,398,
74,115,202,205,230,237,433,481,
64,194,269,305,384,393,459,
72,118,128,141,186,231,296,341,348,390,408,426,461,469,499,
124,291,429,
159,285,333,377,378,438,468,
185,301,456,
0,104,234,239,241,266,365,380,
54,95,144,289,290,324,343,410,
5,168,221,256,283,396,405,434,451,462,
1,15,84,92,146,196,217,218,253,259,367,439,460,
22,91,125,170,177,297,334,379,441,
9,49,255,358,397,399,
18,27,48,204,352,491,
12,30,214,310,368,446,
39,64,178,223,275,316,345,442,
78,98,113,119,138,200,281,313,
137,244,321,347,427,
56,74,158,270,274,293,372,
51,103,123,130,230,242,276,304,389,453,
86,115,222,305,309,333,467,
36,114,151,231,248,262,272,308,339,378,408,438,
1,28,71,111,166,197,367,383,429,451,456,478,
152,302,348,384,420,
37,232,237,258,279,344,490,
43,50,54,90,118,120,144,261,346,475,496,498,499,
41,82,289,323,406,
